#
# List of objects for Location 0
# Syntax is:
#  modelid  x   y   z   rotation_x   rotation_y   rotation_z  sight    Optional comments
#
1216 1680.400879 -2335.259033 13.238877 183.135004 180.0 0.0 0 //Phone at spawn
3279 2846.984863 -2807.096191 11.211902 0.0000 0.0000 177.9035 300
987 2744.341064 -2823.630127 10.933978 0.0000 0.0000 269.7592 300
987 2744.356445 -2835.346924 10.876737 0.0000 0.0000 269.7592 300
987 2744.224854 -2847.117432 10.883979 0.0000 0.0000 269.7592 300
987 2841.428711 -2857.996338 11.658968 0.0000 0.0000 89.3815 300
987 2841.604248 -2846.047363 11.635540 0.0000 0.0000 89.3815 300
987 2841.815430 -2834.078369 11.610547 0.0000 0.0000 90.2409 300
987 2841.776123 -2822.096436 11.635536 0.0000 0.0000 89.3815 300
10766 2749.465576 -2830.395996 9.511807 0.0000 0.0000 269.7591 300
5397 2712.021240 -2830.727539 19.695110 0.0000 0.0000 0.0000 300
10766 2665.283447 -2829.338867 9.532402 0.0000 0.0000 89.2775 300
16385 2668.408936 -2820.049805 11.230286 0.0000 0.0000 0.0000 300
1682 2686.886963 -2806.779785 29.520090 0.0000 0.0000 36.0963 300
3279 2639.188232 -2805.625977 11.676774 0.0000 0.0000 269.8632 300
3279 2559.549561 -2850.999756 10.916485 0.0000 0.0000 357.5254 300
3279 2720.803223 -2852.439453 11.436358 0.0000 0.0000 88.5220 300
4874 2592.815430 -2818.648438 15.033157 0.0000 0.0000 359.1406 300
3277 2557.313965 -2804.872070 14.948652 0.0000 0.0000 235.4857 300
10830 2770.505371 -2834.150879 17.579805 0.0000 0.0000 314.4499 300
987 2765.032715 -2801.794189 11.211308 0.0000 0.0000 178.7629 300
987 2753.176025 -2801.608398 11.255567 0.0000 0.0000 179.6224 300
987 2729.188232 -2858.868652 10.894469 0.0000 0.0000 0.1039 300
987 2729.299072 -2846.975342 10.855573 0.0000 0.0000 269.8631 300
987 2717.279297 -2846.931396 11.232123 0.0000 0.0000 0.1039 300
987 2705.427979 -2846.882324 11.232123 0.0000 0.0000 0.1039 300
987 2693.521973 -2846.898926 11.220379 0.0000 0.0000 0.1039 300
987 2681.574951 -2846.884033 11.245378 0.0000 0.0000 0.1039 300
987 2681.689697 -2829.139893 11.302717 0.0000 0.0000 269.8630 300
988 2681.550781 -2843.956787 12.416779 0.0000 0.0000 268.8997 300
3753 2604.768799 -2864.984619 1.853265 0.0000 0.0000 180.3775 300
1461 2618.744385 -2866.124023 12.665365 0.0000 0.0000 179.5182 300
18059 2824.639160 -2812.124268 11.221306 0.0000 0.0000 0.0000 300
2854 2821.092285 -2811.867920 11.580688 0.0000 0.0000 0.0000 300
2851 2818.138184 -2811.196777 11.605644 0.0000 0.0000 0.0000 300
2820 2830.793945 -2812.272705 11.580283 0.0000 0.0000 0.0000 300
2602 2845.904785 -2858.811035 10.955573 0.0000 0.0000 179.6224 300
2632 2792.781006 -2834.157471 11.844645 0.0000 0.0000 269.7591 300
2631 2794.836914 -2834.178467 11.844645 0.0000 0.0000 269.7591 300
2632 2802.553223 -2831.106934 11.901886 0.0000 0.0000 0.0000 300
2631 2835.089844 -2828.929932 11.419652 0.0000 0.0000 0.0000 300
2627 2792.738037 -2831.110596 11.856375 0.0000 0.0000 0.0000 300
2630 2799.115723 -2837.013184 11.842990 0.0000 0.0000 0.0000 300
2226 2837.372070 -2825.254883 10.821392 0.0000 0.0000 0.0000 300
1985 2789.843506 -2837.015137 14.527049 0.0000 0.0000 0.0000 300
1985 2789.938232 -2838.395996 14.552050 0.0000 0.0000 0.0000 300
1840 2795.483398 -2858.041748 10.429951 0.0000 0.0000 265.4620 300
1886 2770.053711 -2817.233398 14.535135 0.0000 0.0000 57.5822 300
1437 2789.902344 -2841.322021 11.785566 323.9037 0.0000 0.0000 300
1437 2789.890381 -2834.143799 11.785566 323.9037 0.0000 180.4816 300
10830 2818.155273 -2834.422119 17.779812 0.0000 0.0000 134.8274 300
14791 2796.721436 -2842.174072 13.800621 0.0000 0.0000 0.0000 300
18553 2746.666016 -2823.934326 12.749066 0.0000 0.0000 359.1406 300
987 2741.051270 -2858.943848 10.905572 0.0000 0.0000 0.1039 300
3279 2846.477539 -2854.437744 11.931174 0.0000 0.0000 87.7664 300
2627 2794.721924 -2831.102539 11.856375 0.0000 0.0000 0.0000 300
2627 2796.691895 -2831.078369 11.849133 0.0000 0.0000 0.0000 300
2632 2796.916260 -2834.176514 11.894644 0.0000 0.0000 269.7591 300
2630 2801.429199 -2836.992188 11.842990 0.0000 0.0000 0.0000 300
2630 2803.614746 -2837.080811 11.850232 0.0000 0.0000 0.0000 300
2631 2799.159180 -2834.167236 11.901886 0.0000 0.0000 269.7591 300
2632 2801.417480 -2834.214355 11.901886 0.0000 0.0000 269.7591 300
2631 2803.651123 -2834.199707 11.901886 0.0000 0.0000 269.7591 300
2629 2801.060791 -2829.101807 11.850062 0.0000 0.0000 0.0000 300
2629 2803.689453 -2829.082275 11.850063 0.0000 0.0000 181.3411 300
2631 2802.594482 -2827.253174 11.894644 0.0000 0.0000 0.0000 300
2629 2802.636475 -2825.395508 11.850062 0.0000 0.0000 0.0000 300
1437 2789.813232 -2827.167236 11.785547 323.9037 0.0000 180.4816 300
1437 2789.812256 -2834.336426 11.819365 323.9037 0.0000 0.0000 300
1985 2789.841553 -2830.042725 14.584291 0.0000 0.0000 0.0000 300
1985 2789.854004 -2831.373291 14.584291 0.0000 0.0000 0.0000 300
987 2777.000977 -2801.890625 11.193117 0.0000 0.0000 179.6224 300
987 2788.897705 -2801.870605 11.176691 0.0000 0.0000 180.4818 300
987 2800.912598 -2801.951904 11.310863 0.0000 0.8594 179.6224 300
987 2812.758301 -2802.135986 11.357121 0.0000 0.0000 178.7629 300
987 2824.724121 -2802.047363 11.332122 0.0000 0.0000 180.4818 300
987 2836.623535 -2802.115723 11.344672 0.0000 0.0000 179.6224 300
987 2848.468506 -2802.169434 11.182124 0.0000 359.1406 179.6224 300
987 2860.277344 -2802.181641 11.082126 0.0000 359.1406 179.6224 300
987 2860.242920 -2813.938232 10.955571 0.0000 0.0000 90.2410 300
987 2860.146240 -2825.900879 10.782130 0.0000 359.1406 89.3815 300
987 2859.806152 -2837.864258 10.801453 0.0000 0.0000 88.5221 300
987 2859.719727 -2849.779297 10.788923 0.0000 0.0000 89.3815 300
987 2859.656494 -2859.552490 10.780551 0.0000 0.0000 89.3815 300
987 2847.878174 -2859.394287 10.780555 0.0000 0.0000 0.0001 300
987 2835.949219 -2859.335449 10.805554 0.0000 0.0000 0.0001 300
987 2741.337646 -2801.490723 11.257123 0.0000 0.0000 179.6224 300
987 2729.293701 -2801.455811 11.257123 0.0000 0.0000 179.6224 300
987 2717.348877 -2801.421631 11.232123 0.0000 0.0000 179.6224 300
987 2705.384521 -2801.344971 11.277718 0.0000 0.0000 179.6224 300
987 2694.360107 -2801.257568 11.277718 0.0000 0.0000 179.6224 300
987 2682.362305 -2801.167236 11.177719 0.0000 0.0000 179.6224 300
987 2670.403564 -2801.061768 11.227718 0.0000 0.0000 179.6224 300
987 2658.493896 -2800.958496 11.202719 0.0000 0.0000 179.6224 300
987 2646.578857 -2800.857666 11.152719 0.0000 0.0000 179.6224 300
987 2634.665283 -2800.786621 11.102720 0.0000 0.0000 178.7629 300
987 2622.723389 -2800.504883 11.052721 0.0000 0.0000 178.7629 300
987 2610.758789 -2800.241943 10.977722 0.0000 0.0000 178.7629 300
987 2598.828613 -2799.964600 10.952723 0.0000 0.0000 179.6224 300
987 2586.930176 -2799.851318 10.952723 0.0000 0.0000 179.6224 300
987 2565.697754 -2801.736816 10.527729 0.0000 0.0000 179.6224 300
987 2577.610107 -2801.800537 10.577728 0.0000 0.0000 179.6224 300
987 2554.013184 -2801.677979 10.502188 0.0000 0.0000 269.0037 300
987 2553.818848 -2811.312256 10.402731 0.0000 0.0000 269.8632 300
987 2553.735596 -2823.201416 10.302732 0.0000 0.0000 269.8632 300
987 2553.675537 -2835.120850 10.227734 0.0000 0.0000 269.8632 300
987 2553.654541 -2844.904541 10.277733 0.0000 0.0000 269.8632 300
987 2553.517090 -2856.704102 10.227007 0.0000 359.1406 359.2442 300
987 2565.469727 -2856.866211 10.327724 0.0000 359.1406 359.2442 300
987 2577.345703 -2857.056641 10.456403 0.0000 359.1406 359.2442 300
987 2589.266602 -2857.258301 10.627728 0.0000 359.1406 359.2442 300
987 2624.189941 -2857.499756 10.664172 0.0000 359.1406 359.2442 300
987 2634.056152 -2857.614746 10.856397 0.0000 359.1406 359.2442 300
987 2645.834961 -2857.783936 11.002722 0.0000 0.0000 359.2442 300
987 2657.795898 -2857.938965 11.027721 0.0000 0.0000 359.2442 300
987 2669.780762 -2858.032715 11.002722 0.0000 0.0000 359.2442 300
987 2693.553223 -2858.309570 10.902723 0.0000 0.0000 359.2442 300
987 2681.682129 -2858.228027 10.952723 0.0000 0.0000 359.2442 300
987 2705.376221 -2858.503174 10.927723 0.0000 0.0000 359.2442 300
987 2717.262939 -2858.658691 10.932128 0.0000 0.0000 359.2442 300
987 2601.110840 -2857.355713 10.802725 0.0000 359.1406 359.2442 300
988 2615.769287 -2857.755859 12.516777 0.0000 0.0000 0.0000 300
988 2621.263184 -2857.759033 12.516777 0.0000 0.0000 0.0000 300
14791 2796.324219 -2825.282227 13.893377 0.0000 0.0000 0.0000 300
1278 2860.695557 -2859.149902 25.646595 0.0000 0.0000 249.2367 300
1278 2860.969482 -2802.464844 25.646595 0.0000 0.0000 308.5377 300
1278 2554.086914 -2856.220947 25.667189 0.0000 0.0000 124.7223 300
1278 2554.102783 -2799.429199 25.667189 0.0000 0.0000 31.9031 300
1278 2661.806885 -2800.765869 25.667189 0.0000 0.0000 354.0879 300
1278 2706.890137 -2858.175537 25.667189 0.0000 0.0000 238.9232 300
1290 2666.921875 -2832.313965 17.501137 0.0000 0.0000 0.0000 300
3267 2557.624268 -2804.781738 15.009096 0.0000 0.0000 7.7349 300
1232 2831.048584 -2811.367920 14.492201 0.0000 0.0000 0.0000 300
1232 2811.425049 -2810.853027 14.492201 0.0000 0.0000 0.0000 300
1232 2791.352051 -2810.837646 14.342203 0.0000 0.0000 0.0000 300
1232 2766.208008 -2810.832520 14.434959 0.0000 0.0000 0.0000 300
1232 2765.825684 -2857.625244 14.018764 0.0000 0.0000 0.0000 300
1232 2790.387451 -2857.754883 13.959967 0.0000 0.0000 0.0000 300
1232 2811.786377 -2857.858154 14.041649 0.0000 0.0000 0.0000 300
1232 2830.135742 -2857.972412 14.049686 0.0000 0.0000 0.0000 300
3864 2595.604248 -2803.159668 20.103523 0.0000 0.0000 42.9718 300
3864 2618.096680 -2863.784180 15.767439 0.0000 358.2811 312.7310 300
3864 2743.553711 -2857.274902 16.584072 0.0000 358.2811 267.1808 300
