8825 1123.344360 -2002.844238 68.157814 0.000000 -2.000000 360.000000 0 // BUSH
14423 1155.392822 -2037.320434 69.687797 0.000000 0.000000 540.000000 0 // ROOM
8657 1106.890502 -2010.046386 70.707809 0.000000 0.000000 90.000000 0 // PROTECTION_1
8657 1113.756347 -2010.035888 70.707817 0.000000 0.000000 0.000000 0 // PROTECTION_2
8657 1106.886108 -2025.957397 70.707817 0.000000 0.000000 90.000000 0 // PROTECTION_3
2029 1118.155883 -2019.856079 68.067802 0.000000 0.000000 90.000000 0 // TABLE_1
2029 1118.144897 -2016.851562 68.066802 0.000000 0.000000 270.000000 0 // TABLE_2
2029 1118.157226 -2015.901489 68.065818 0.000000 0.000000 90.000000 0 // TABLE_3
1671 1119.564941 -2019.969116 68.498794 0.000000 0.000000 270.000000 0 // CHAIR_1
1671 1119.564941 -2018.769116 68.498794 0.000000 0.000000 270.000000 0 // CHAIR_2
1671 1119.564941 -2017.569116 68.498794 0.000000 0.000000 270.000000 0 // CHAIR_3
1671 1119.564941 -2016.369116 68.498794 0.000000 0.000000 270.000000 0 // CHAIR_4
1671 1119.564941 -2015.169116 68.498794 0.000000 0.000000 270.000000 0 // CHAIR_5
1671 1116.730590 -2019.969116 68.498794 0.000000 0.000000 90.000000 0 // CHAIR_6
1671 1116.730590 -2018.769116 68.498794 0.000000 0.000000 90.000000 0 // CHAIR_7
1671 1116.730590 -2017.569116 68.498794 0.000000 0.000000 90.000000 0 // CHAIR_8
1671 1116.730590 -2016.369116 68.498794 0.000000 0.000000 90.000000 0 // CHAIR_9
1671 1116.730590 -2015.169116 68.498794 0.000000 0.000000 90.000000 0 // CHAIR_10
1671 1118.121459 -2013.531616 68.498794 0.000000 0.000000 0.000000 0 // CHAIR_CAPO
1536 1114.340942 -2024.363891 68.007812 0.000000 0.000000 90.000000 0 // DOOR_1
1536 1114.304809 -2021.351196 68.007812 0.000000 0.000000 270.000000 0 // DOOR_2
